
Xi  X                   F(x)                F'(x)               
0   1.850000000         -0.623026235        -0.459339823        
1   0.493648550         0.780619180         -0.587514287        
2   1.822329738         -0.609307458        -0.531976957        
3   0.676965357         0.652112700         -0.818320037        
4   1.473857368         -0.290414648        -1.212028903        
5   1.234247036         0.020590749         -1.334844894        
6   1.249672610         -0.000007157        -1.335588678        
7   1.249667251         -0.000000000        -1.335588612        

Xi  X                   F(x)                F'(x)               
0   2.000000000         -0.661309413        -0.048254545        
1   -11.704603563       1.000000000         -0.000000000        
2   79537560252108045473301332298012949609643966142806039122082671936667648.0000000001.000000000         0.000000000         
3   -inf                1.000000000         -nan                
4   -nan                -nan                -nan                

Xi  X                   F(x)                F'(x)               
0   2.100000000         -0.652446552        0.223354820         
1   5.021121436         0.329194996         0.808279130         
2   4.613842585         0.043779644         0.515836882         
3   4.528971485         0.004703593         0.402862678         
4   4.517296060         0.000095947         0.386394917         
5   4.517047747         0.000000044         0.386042615         
6   4.517047634         0.000000000         0.386042455         

Xi  X                   F(x)                F'(x)               
0   2.150000000         -0.638029630        0.352280274         
1   3.961142083         0.006447795         -0.342347209        
2   3.979976165         0.000129348         -0.328392581        
3   3.980370046         0.000000060         -0.328086792        
4   3.980370230         0.000000000         -0.328086649        

Xi  X                   F(x)                F'(x)               
0   2.200000000         -0.617338609        0.474004912         
1   3.502388631         0.169825166         -0.216686830        
2   4.286124152         -0.049562276        0.040442507         
3   5.511623752         0.695758256         0.614498425         
4   4.379386096         -0.039234107        0.181570310         
5   4.595468268         0.034514865         0.492498915         
6   4.525387170         0.003268624         0.397827695         
7   4.517170989         0.000047631         0.386217480         
8   4.517047662         0.000000011         0.386042494         
9   4.517047634         0.000000000         0.386042455         

Xi  X                   F(x)                F'(x)               
0   2.250000000         -0.590779449        0.586716499         
1   3.256924895         0.177627607         0.178674273         
2   2.262782847         -0.583105156        0.613882412         
3   3.212647420         0.167871371         0.262285383         
4   2.572614151         -0.317900585        1.006395463         
5   2.888494534         -0.013859615        0.828683504         
6   2.905219393         -0.000191301        0.805629738         
7   2.905456848         -0.000000040        0.805294828         
8   2.905456897         -0.000000000        0.805294758         
